{
  "asset": {
    "gltfUpAxis": "Z",
    "version": "0.0"
  },
  "geometricError": 10000,
  "root": {
    "boundingVolume": {
      "region": [
        1.814683,
        0.532351,
        1.819755,
        0.536297,
        0.0,
        468.0
      ]
    },
    "children": [
      {
        "boundingVolume": {
          "region": [
            1.814696,
            0.534078,
            1.814852,
            0.534182,
            0.0,
            10.0
          ]
        },
        "content": {
          "uri": "./tile/5/0/14.b3dm"
        },
        "geometricError": 2000.0,
        "refine": "REPLACE",
        "transform": [
          -0.970385,
          -0.241564,
          0.0,
          0.0,
          0.122367,
          -0.491559,
          0.862204,
          0.0,
          -0.207917,
          0.835222,
          0.509092,
          0.0,
          -1327277.476019,
          5331785.916736,
          3228125.481215,
          1
        ]
      },
      {
        "boundingVolume": {
          "region": [
            1.814696,
            0.534201,
            1.814847,
            0.534335,
            0.0,
            10.0
          ]
        },
        "content": {
          "uri": "./tile/5/0/15.b3dm"
        },
        "geometricError": 2000.0,
        "refine": "REPLACE",
        "transform": [
          -0.970385,
          -0.241562,
          0.0,
          0.0,
          0.122395,
          -0.491675,
          0.862134,
          0.0,
          -0.207898,
          0.835154,
          0.509211,
          0.0,
          -1327157.439455,
          5331355.20435,
          3228881.016709,
          1
        ]
      },
      {
        "boundingVolume": {
          "region": [
            1.814705,
            0.534328,
            1.814855,
            0.534457,
            0.0,
            10.0
          ]
        },
        "content": {
          "uri": "./tile/5/0/16.b3dm"
        },
        "geometricError": 2000.0,
        "refine": "REPLACE",
        "transform": [
          -0.970383,
          -0.24157,
          0.0,
          0.0,
          0.122425,
          -0.491777,
          0.862072,
          0.0,
          -0.20789,
          0.835091,
          0.509318,
          0.0,
          -1327104.063368,
          5330954.488626,
          3229559.923391,
          1
        ]
      },
      {
        "boundingVolume": {
          "region": [
            1.814683,
            0.534447,
            1.814845,
            0.534586,
            0.0,
            10.0
          ]
        },
        "content": {
          "uri": "./tile/5/0/17.b3dm"
        },
        "geometricError": 2000.0,
        "refine": "REPLACE",
        "transform": [
          -0.970387,
          -0.241555,
          0.0,
          0.0,
          0.122442,
          -0.491883,
          0.862009,
          0.0,
          -0.207861,
          0.835033,
          0.509425,
          0.0,
          -1326920.975958,
          5330586.167429,
          3230238.466099,
          1
        ]
      },
      {
        "boundingVolume": {
          "region": [
            1.814698,
            0.534569,
            1.814863,
            0.534713,
            0.0,
            10.0
          ]
        },
        "content": {
          "uri": "./tile/5/0/18.b3dm"
        },
        "geometricError": 2000.0,
        "refine": "REPLACE",
        "transform": [
          -0.970383,
          -0.241571,
          0.0,
          0.0,
          0.122476,
          -0.491984,
          0.861946,
          0.0,
          -0.20786,
          0.834968,
          0.509532,
          0.0,
          -1326911.771304,
          5330173.323857,
          3230918.843688,
          1
        ]
      },
      {
        "boundingVolume": {
          "region": [
            1.814698,
            0.534694,
            1.814832,
            0.534732,
            0.0,
            9.0
          ]
        },
        "content": {
          "uri": "./tile/5/0/19.b3dm"
        },
        "geometricError": 2000.0,
        "refine": "REPLACE",
        "transform": [
          -0.970387,
          -0.241556,
          0.0,
          0.0,
          0.122484,
          -0.492046,
          0.86191,
          0.0,
          -0.207838,
          0.834935,
          0.509594,
          0.0,
          -1326773.252491,
          5329967.523028,
          3231312.562766,
          1
        ]
      },
      {
        "boundingVolume": {
          "region": [
            1.814844,
            0.534099,
            1.814968,
            0.534213,
            0.0,
            10.0
          ]
        },
        "content": {
          "uri": "./tile/5/1/14.b3dm"
        },
        "geometricError": 2000.0,
        "refine": "REPLACE",
        "transform": [
          -0.970353,
          -0.241692,
          0.0,
          0.0,
          0.122437,
          -0.491565,
          0.862191,
          0.0,
          -0.208024,
          0.835181,
          0.509115,
          0.0,
          -1327959.908082,
          5331529.147609,
          3228267.94342,
          1
        ]
      },
      {
        "boundingVolume": {
          "region": [
            1.814831,
            0.534199,
            1.814973,
            0.534335,
            0.0,
            10.0
          ]
        },
        "content": {
          "uri": "./tile/5/1/15.b3dm"
        },
        "geometricError": 2000.0,
        "refine": "REPLACE",
        "transform": [
          -0.970354,
          -0.241689,
          0.0,
          0.0,
          0.122459,
          -0.491658,
          0.862135,
          0.0,
          -0.208007,
          0.835127,
          0.50921,
          0.0,
          -1327852.853523,
          5331185.9707,
          3228874.57632,
          1
        ]
      },
      {
        "boundingVolume": {
          "region": [
            1.814848,
            0.534325,
            1.814955,
            0.53446,
            0.0,
            10.0
          ]
        },
        "content": {
          "uri": "./tile/5/1/16.b3dm"
        },
        "geometricError": 2000.0,
        "refine": "REPLACE",
        "transform": [
          -0.970354,
          -0.241688,
          0.0,
          0.0,
          0.122484,
          -0.491762,
          0.862072,
          0.0,
          -0.207991,
          0.835066,
          0.509318,
          0.0,
          -1327749.612596,
          5330793.4279,
          3229560.438584,
          1
        ]
      },
      {
        "boundingVolume": {
          "region": [
            1.814832,
            0.534449,
            1.814996,
            0.534581,
            0.0,
            10.0
          ]
        },
        "content": {
          "uri": "./tile/5/1/17.b3dm"
        },
        "geometricError": 2000.0,
        "refine": "REPLACE",
        "transform": [
          -0.970351,
          -0.2417,
          0.0,
          0.0,
          0.122516,
          -0.491863,
          0.86201,
          0.0,
          -0.207987,
          0.835003,
          0.509423,
          0.0,
          -1327721.775864,
          5330392.854543,
          3230228.482555,
          1
        ]
      },
      {
        "boundingVolume": {
          "region": [
            1.814842,
            0.534568,
            1.815003,
            0.53472,
            0.0,
            10.0
          ]
        },
        "content": {
          "uri": "./tile/5/1/18.b3dm"
        },
        "geometricError": 2000.0,
        "refine": "REPLACE",
        "transform": [
          -0.970349,
          -0.241709,
          0.0,
          0.0,
          0.122547,
          -0.491969,
          0.861944,
          0.0,
          -0.207978,
          0.834937,
          0.509535,
          0.0,
          -1327667.503616,
          5329975.160182,
          3230935.184391,
          1
        ]
      },
      {
        "boundingVolume": {
          "region": [
            1.814839,
            0.534694,
            1.815006,
            0.534756,
            0.0,
            10.0
          ]
        },
        "content": {
          "uri": "./tile/5/1/19.b3dm"
        },
        "geometricError": 2000.0,
        "refine": "REPLACE",
        "transform": [
          -0.970349,
          -0.241708,
          0.0,
          0.0,
          0.122564,
          -0.492037,
          0.861903,
          0.0,
          -0.207968,
          0.834897,
          0.509605,
          0.0,
          -1327601.283388,
          5329720.480907,
          3231379.496559,
          1
        ]
      },
      {
        "boundingVolume": {
          "region": [
            1.816341,
            0.532591,
            1.816382,
            0.532602,
            0.0,
            10.0
          ]
        },
        "content": {
          "uri": "./tile/5/10/1.b3dm"
        },
        "geometricError": 2000.0,
        "refine": "REPLACE",
        "transform": [
          -0.97,
          -0.243105,
          0.0,
          0.0,
          0.122827,
          -0.490086,
          0.862977,
          0.0,
          -0.209433,
          0.835647,
          0.507772,
          0.0,
          -1336943.914226,
          5334475.134666,
          3219739.293084,
          1
        ]
      },
      {
        "boundingVolume": {
          "region": [
            1.816256,
            0.533583,
            1.816439,
            0.533732,
            0.0,
            141.0
          ]
        },
        "content": {
          "uri": "./tile/5/10/10.b3dm"
        },
        "geometricError": 2000.0,
        "refine": "REPLACE",
        "transform": [
          -0.970003,
          -0.243091,
          0.0,
          0.0,
          0.123042,
          -0.490972,
          0.862443,
          0.0,
          -0.20929,
          0.835127,
          0.508686,
          0.0,
          -1336036.455872,
          5331172.517255,
          3225541.697588,
          1
        ]
      },
      {
        "boundingVolume": {
          "region": [
            1.816253,
            0.533708,
            1.816423,
            0.53379,
            0.0,
            93.0
          ]
        },
        "content": {
          "uri": "./tile/5/10/11.b3dm"
        },
        "geometricError": 2000.0,
        "refine": "REPLACE",
        "transform": [
          -0.970006,
          -0.243081,
          0.0,
          0.0,
          0.123056,
          -0.49105,
          0.862396,
          0.0,
          -0.20927,
          0.835084,
          0.508765,
          0.0,
          -1335912.001139,
          5330898.173448,
          3226043.249073,
          1
        ]
      },
      {
        "boundingVolume": {
          "region": [
            1.816289,
            0.533832,
            1.816444,
            0.533969,
            0.0,
            147.0
          ]
        },
        "content": {
          "uri": "./tile/5/10/12.b3dm"
        },
        "geometricError": 2000.0,
        "refine": "REPLACE",
        "transform": [
          -0.969999,
          -0.243109,
          0.0,
          0.0,
          0.123102,
          -0.491172,
          0.86232,
          0.0,
          -0.209276,
          0.835003,
          0.508895,
          0.0,
          -1335947.281814,
          5330385.765502,
          3226869.654422,
          1
        ]
      },
      {
        "boundingVolume": {
          "region": [
            1.816292,
            0.533954,
            1.816428,
            0.53406,
            0.0,
            120.0
          ]
        },
        "content": {
          "uri": "./tile/5/10/13.b3dm"
        },
        "geometricError": 2000.0,
        "refine": "REPLACE",
        "transform": [
          -0.97,
          -0.243103,
          0.0,
          0.0,
          0.123121,
          -0.491262,
          0.862266,
          0.0,
          -0.209257,
          0.834952,
          0.508987,
          0.0,
          -1335829.008543,
          5330059.425711,
          3227453.685047,
          1
        ]
      },
      {
        "boundingVolume": {
          "region": [
            1.816287,
            0.534088,
            1.816391,
            0.534193,
            0.0,
            90.0
          ]
        },
        "content": {
          "uri": "./tile/5/10/14.b3dm"
        },
        "geometricError": 2000.0,
        "refine": "REPLACE",
        "transform": [
          -0.970006,
          -0.243083,
          0.0,
          0.0,
          0.123138,
          -0.491376,
          0.862199,
          0.0,
          -0.209223,
          0.83489,
          0.509101,
          0.0,
          -1335610.419053,
          5329670.244395,
          3228181.860438,
          1
        ]
      },
      {
        "boundingVolume": {
          "region": [
            1.816282,
            0.534209,
            1.816322,
            0.534278,
            0.0,
            18.0
          ]
        },
        "content": {
          "uri": "./tile/5/10/15.b3dm"
        },
        "geometricError": 2000.0,
        "refine": "REPLACE",
        "transform": [
          -0.970014,
          -0.243047,
          0.0,
          0.0,
          0.123142,
          -0.491466,
          0.862147,
          0.0,
          -0.20918,
          0.834847,
          0.50919,
          0.0,
          -1335335.737573,
          5329393.969896,
          3228747.742693,
          1
        ]
      },
      {
        "boundingVolume": {
          "region": [
            1.816273,
            0.53436,
            1.816354,
            0.534449,
            0.0,
            87.0
          ]
        },
        "content": {
          "uri": "./tile/5/10/16.b3dm"
        },
        "geometricError": 2000.0,
        "refine": "REPLACE",
        "transform": [
          -0.970012,
          -0.243058,
          0.0,
          0.0,
          0.123181,
          -0.491599,
          0.862066,
          0.0,
          -0.209169,
          0.834765,
          0.509328,
          0.0,
          -1335268.316446,
          5328875.861645,
          3229624.746929,
          1
        ]
      },
      {
        "boundingVolume": {
          "region": [
            1.816271,
            0.53447,
            1.816403,
            0.53455,
            0.0,
            75.0
          ]
        },
        "content": {
          "uri": "./tile/5/10/17.b3dm"
        },
        "geometricError": 2000.0,
        "refine": "REPLACE",
        "transform": [
          -0.970006,
          -0.243081,
          0.0,
          0.0,
          0.123214,
          -0.491684,
          0.862012,
          0.0,
          -0.209175,
          0.834708,
          0.509419,
          0.0,
          -1335309.255428,
          5328514.320638,
          3230200.411232,
          1
        ]
      },
      {
        "boundingVolume": {
          "region": [
            1.816267,
            0.534597,
            1.816432,
            0.534698,
            0.0,
            90.0
          ]
        },
        "content": {
          "uri": "./tile/5/10/18.b3dm"
        },
        "geometricError": 2000.0,
        "refine": "REPLACE",
        "transform": [
          -0.970003,
          -0.243093,
          0.0,
          0.0,
          0.12325,
          -0.491797,
          0.861943,
          0.0,
          -0.209169,
          0.834637,
          0.509538,
          0.0,
          -1335269.090265,
          5328063.990128,
          3230954.673004,
          1
        ]
      },
      {
        "boundingVolume": {
          "region": [
            1.816263,
            0.534693,
            1.816425,
            0.534751,
            0.0,
            18.0
          ]
        },
        "content": {
          "uri": "./tile/5/10/19.b3dm"
        },
        "geometricError": 2000.0,
        "refine": "REPLACE",
        "transform": [
          -0.970004,
          -0.243088,
          0.0,
          0.0,
          0.123262,
          -0.49186,
          0.861905,
          0.0,
          -0.209155,
          0.834602,
          0.509602,
          0.0,
          -1335181.43881,
          5327837.946195,
          3231360.886399,
          1
        ]
      },
      {
        "boundingVolume": {
          "region": [
            1.816423,
            0.532723,
            1.816437,
            0.532727,
            0.0,
            3.0
          ]
        },
        "content": {
          "uri": "./tile/5/10/2.b3dm"
        },
        "geometricError": 2000.0,
        "refine": "REPLACE",
        "transform": [
          -0.969983,
          -0.243171,
          0.0,
          0.0,
          0.122887,
          -0.490184,
          0.862913,
          0.0,
          -0.209474,
          0.835569,
          0.507882,
          0.0,
          -1337208.732675,
          5333982.895254,
          3220440.027635,
          1
        ]
      },
      {
        "boundingVolume": {
          "region": [
            1.816269,
            0.534834,
            1.816424,
            0.53495,
            0.0,
            120.0
          ]
        },
        "content": {
          "uri": "./tile/5/10/20.b3dm"
        },
        "geometricError": 2000.0,
        "refine": "REPLACE",
        "transform": [
          -0.970004,
          -0.24309,
          0.0,
          0.0,
          0.123299,
          -0.492001,
          0.861819,
          0.0,
          -0.209136,
          0.834517,
          0.509748,
          0.0,
          -1335060.815591,
          5327300.880575,
          3232289.794441,
          1
        ]
      },
      {
        "boundingVolume": {
          "region": [
            1.816266,
            0.534937,
            1.81643,
            0.535085,
            0.0,
            51.0
          ]
        },
        "content": {
          "uri": "./tile/5/10/21.b3dm"
        },
        "geometricError": 2000.0,
        "refine": "REPLACE",
        "transform": [
          -0.970003,
          -0.243091,
          0.0,
          0.0,
          0.123325,
          -0.4921,
          0.861759,
          0.0,
          -0.209123,
          0.834458,
          0.509851,
          0.0,
          -1334974.368809,
          5326923.816736,
          3232942.470166,
          1
        ]
      },
      {
        "boundingVolume": {
          "region": [
            1.816253,
            0.535061,
            1.816441,
            0.535206,
            0.0,
            150.0
          ]
        },
        "content": {
          "uri": "./tile/5/10/22.b3dm"
        },
        "geometricError": 2000.0,
        "refine": "REPLACE",
        "transform": [
          -0.970004,
          -0.243091,
          0.0,
          0.0,
          0.12335,
          -0.492202,
          0.861697,
          0.0,
          -0.209107,
          0.834398,
          0.509956,
          0.0,
          -1334873.400302,
          5326541.070491,
          3233610.220511,
          1
        ]
      },
      {
        "boundingVolume": {
          "region": [
            1.816246,
            0.535186,
            1.816422,
            0.535324,
            0.0,
            162.0
          ]
        },
        "content": {
          "uri": "./tile/5/10/23.b3dm"
        },
        "geometricError": 2000.0,
        "refine": "REPLACE",
        "transform": [
          -0.970007,
          -0.243078,
          0.0,
          0.0,
          0.123369,
          -0.492305,
          0.861636,
          0.0,
          -0.209081,
          0.83434,
          0.51006,
          0.0,
          -1334709.439982,
          5326177.013127,
          3234273.036093,
          1
        ]
      },
      {
        "boundingVolume": {
          "region": [
            1.816291,
            0.535308,
            1.816454,
            0.53544,
            0.0,
            69.0
          ]
        },
        "content": {
          "uri": "./tile/5/10/24.b3dm"
        },
        "geometricError": 2000.0,
        "refine": "REPLACE",
        "transform": [
          -0.969997,
          -0.243115,
          0.0,
          0.0,
          0.123412,
          -0.4924,
          0.861575,
          0.0,
          -0.209098,
          0.834273,
          0.510163,
          0.0,
          -1334817.902304,
          5325751.0783,
          3234925.211152,
          1
        ]
      },
      {
        "boundingVolume": {
          "region": [
            1.816339,
            0.53543,
            1.816393,
            0.535555,
            0.0,
            10.0
          ]
        },
        "content": {
          "uri": "./tile/5/10/25.b3dm"
        },
        "geometricError": 2000.0,
        "refine": "REPLACE",
        "transform": [
          -0.969999,
          -0.243109,
          0.0,
          0.0,
          0.123434,
          -0.492499,
          0.861515,
          0.0,
          -0.209078,
          0.834216,
          0.510265,
          0.0,
          -1334689.615518,
          5325387.090494,
          3235572.935786,
          1
        ]
      },
      {
        "boundingVolume": {
          "region": [
            1.816315,
            0.535603,
            1.81643,
            0.535686,
            0.0,
            18.0
          ]
        },
        "content": {
          "uri": "./tile/5/10/26.b3dm"
        },
        "geometricError": 2000.0,
        "refine": "REPLACE",
        "transform": [
          -0.969997,
          -0.243116,
          0.0,
          0.0,
          0.123469,
          -0.492625,
          0.861438,
          0.0,
          -0.209065,
          0.834139,
          0.510395,
          0.0,
          -1334608.216942,
          5324900.214062,
          3236402.123704,
          1
        ]
      },
      {
        "boundingVolume": {
          "region": [
            1.816333,
            0.535688,
            1.816424,
            0.535809,
            0.0,
            10.0
          ]
        },
        "content": {
          "uri": "./tile/5/10/27.b3dm"
        },
        "geometricError": 2000.0,
        "refine": "REPLACE",
        "transform": [
          -0.969996,
          -0.243121,
          0.0,
          0.0,
          0.123494,
          -0.492711,
          0.861386,
          0.0,
          -0.209057,
          0.834087,
          0.510485,
          0.0,
          -1334556.624621,
          5324565.564533,
          3236970.107039,
          1
        ]
      },
      {
        "boundingVolume": {
          "region": [
            1.816361,
            0.535829,
            1.816409,
            0.535851,
            0.0,
            7.0
          ]
        },
        "content": {
          "uri": "./tile/5/10/28.b3dm"
        },
        "geometricError": 2000.0,
        "refine": "REPLACE",
        "transform": [
          -0.969994,
          -0.243128,
          0.0,
          0.0,
          0.123516,
          -0.492786,
          0.861339,
          0.0,
          -0.209051,
          0.83404,
          0.510564,
          0.0,
          -1334520.200235,
          5324268.434151,
          3237470.455928,
          1
        ]
      },
      {
        "boundingVolume": {
          "region": [
            1.81629,
            0.532774,
            1.8163,
            0.532789,
            0.0,
            10.0
          ]
        },
        "content": {
          "uri": "./tile/5/10/3.b3dm"
        },
        "geometricError": 2000.0,
        "refine": "REPLACE",
        "transform": [
          -0.970016,
          -0.24304,
          0.0,
          0.0,
          0.122833,
          -0.490248,
          0.862884,
          0.0,
          -0.209354,
          0.835569,
          0.507932,
          0.0,
          -1336445.389853,
          5333984.153259,
          3220752.69046,
          1
        ]
      },
      {
        "boundingVolume": {
          "region": [
            1.816297,
            0.536129,
            1.816326,
            0.536151,
            0.0,
            8.0
          ]
        },
        "content": {
          "uri": "./tile/5/10/30.b3dm"
        },
        "geometricError": 2000.0,
        "refine": "REPLACE",
        "transform": [
          -0.970012,
          -0.243056,
          0.0,
          0.0,
          0.123542,
          -0.493045,
          0.861188,
          0.0,
          -0.208952,
          0.833907,
          0.510821,
          0.0,
          -1333890.658347,
          5323423.723863,
          3239107.529567,
          1
        ]
      },
      {
        "boundingVolume": {
          "region": [
            1.816267,
            0.532937,
            1.816436,
            0.532974,
            0.0,
            93.0
          ]
        },
        "content": {
          "uri": "./tile/5/10/4.b3dm"
        },
        "geometricError": 2000.0,
        "refine": "REPLACE",
        "transform": [
          -0.970003,
          -0.243095,
          0.0,
          0.0,
          0.122897,
          -0.490386,
          0.862796,
          0.0,
          -0.20938,
          0.835472,
          0.508081,
          0.0,
          -1336606.776622,
          5333365.500117,
          3221703.679165,
          1
        ]
      },
      {
        "boundingVolume": {
          "region": [
            1.816268,
            0.532969,
            1.816431,
            0.533103,
            0.0,
            141.0
          ]
        },
        "content": {
          "uri": "./tile/5/10/5.b3dm"
        },
        "geometricError": 2000.0,
        "refine": "REPLACE",
        "transform": [
          -0.970003,
          -0.243093,
          0.0,
          0.0,
          0.122913,
          -0.490454,
          0.862756,
          0.0,
          -0.209368,
          0.835433,
          0.508151,
          0.0,
          -1336535.384935,
          5333114.933843,
          3222145.081676,
          1
        ]
      },
      {
        "boundingVolume": {
          "region": [
            1.816259,
            0.533092,
            1.816407,
            0.533226,
            0.0,
            120.0
          ]
        },
        "content": {
          "uri": "./tile/5/10/6.b3dm"
        },
        "geometricError": 2000.0,
        "refine": "REPLACE",
        "transform": [
          -0.970007,
          -0.243077,
          0.0,
          0.0,
          0.12293,
          -0.490558,
          0.862694,
          0.0,
          -0.209339,
          0.835376,
          0.508256,
          0.0,
          -1336350.785546,
          5332754.161516,
          3222814.178354,
          1
        ]
      },
      {
        "boundingVolume": {
          "region": [
            1.816263,
            0.533214,
            1.816431,
            0.533344,
            0.0,
            219.0
          ]
        },
        "content": {
          "uri": "./tile/5/10/7.b3dm"
        },
        "geometricError": 2000.0,
        "refine": "REPLACE",
        "transform": [
          -0.970004,
          -0.243091,
          0.0,
          0.0,
          0.122962,
          -0.490657,
          0.862633,
          0.0,
          -0.209336,
          0.835313,
          0.50836,
          0.0,
          -1336331.426345,
          5332357.606278,
          3223473.842948,
          1
        ]
      },
      {
        "boundingVolume": {
          "region": [
            1.816309,
            0.533342,
            1.816437,
            0.53347,
            0.0,
            153.0
          ]
        },
        "content": {
          "uri": "./tile/5/10/8.b3dm"
        },
        "geometricError": 2000.0,
        "refine": "REPLACE",
        "transform": [
          -0.969997,
          -0.243116,
          0.0,
          0.0,
          0.123002,
          -0.490759,
          0.86257,
          0.0,
          -0.209342,
          0.835246,
          0.508469,
          0.0,
          -1336371.292118,
          5331927.277898,
          3224164.419358,
          1
        ]
      },
      {
        "boundingVolume": {
          "region": [
            1.816352,
            0.533494,
            1.816418,
            0.533588,
            0.0,
            9.0
          ]
        },
        "content": {
          "uri": "./tile/5/10/9.b3dm"
        },
        "geometricError": 2000.0,
        "refine": "REPLACE",
        "transform": [
          -0.969994,
          -0.243127,
          0.0,
          0.0,
          0.123036,
          -0.490871,
          0.862501,
          0.0,
          -0.209335,
          0.835176,
          0.508586,
          0.0,
          -1336327.389842,
          5331486.280777,
          3224906.790782,
          1
        ]
      },
      {
        "boundingVolume": {
          "region": [
            1.816535,
            0.532351,
            1.816582,
            0.53252,
            0.0,
            7.0
          ]
        },
        "content": {
          "uri": "./tile/5/11/0.b3dm"
        },
        "geometricError": 2000.0,
        "refine": "REPLACE",
        "transform": [
          -0.969952,
          -0.243296,
          0.0,
          0.0,
          0.12289,
          -0.489927,
          0.863058,
          0.0,
          -0.209617,
          0.835685,
          0.507633,
          0.0,
          -1338119.964969,
          5334716.005805,
          3218857.4788,
          1
        ]
      },
      {
        "boundingVolume": {
          "region": [
            1.816563,
            0.532485,
            1.816567,
            0.532502,
            0.0,
            7.0
          ]
        },
        "content": {
          "uri": "./tile/5/11/1.b3dm"
        },
        "geometricError": 2000.0,
        "refine": "REPLACE",
        "transform": [
          -0.969951,
          -0.243302,
          0.0,
          0.0,
          0.122905,
          -0.489974,
          0.863029,
          0.0,
          -0.209616,
          0.835655,
          0.507683,
          0.0,
          -1338111.887257,
          5334525.57248,
          3219174.291583,
          1
        ]
      },
      {
        "boundingVolume": {
          "region": [
            1.816427,
            0.53361,
            1.816479,
            0.533677,
            0.0,
            147.0
          ]
        },
        "content": {
          "uri": "./tile/5/11/10.b3dm"
        },
        "geometricError": 2000.0,
        "refine": "REPLACE",
        "transform": [
          -0.969978,
          -0.243193,
          0.0,
          0.0,
          0.123091,
          -0.490948,
          0.86245,
          0.0,
          -0.209379,
          0.835111,
          0.508674,
          0.0,
          -1336609.098508,
          5331074.553458,
          3225466.87155,
          1
        ]
      },
      {
        "boundingVolume": {
          "region": [
            1.816424,
            0.533848,
            1.816585,
            0.533958,
            0.0,
            90.0
          ]
        },
        "content": {
          "uri": "./tile/5/11/12.b3dm"
        },
        "geometricError": 2000.0,
        "refine": "REPLACE",
        "transform": [
          -0.969965,
          -0.243244,
          0.0,
          0.0,
          0.12317,
          -0.491158,
          0.862319,
          0.0,
          -0.209391,
          0.834972,
          0.508897,
          0.0,
          -1336682.197183,
          5330191.3944,
          3226886.269395,
          1
        ]
      },
      {
        "boundingVolume": {
          "region": [
            1.816414,
            0.533953,
            1.81659,
            0.53406,
            0.0,
            96.0
          ]
        },
        "content": {
          "uri": "./tile/5/11/13.b3dm"
        },
        "geometricError": 2000.0,
        "refine": "REPLACE",
        "transform": [
          -0.969966,
          -0.243241,
          0.0,
          0.0,
          0.12319,
          -0.491244,
          0.862266,
          0.0,
          -0.209375,
          0.834922,
          0.508986,
          0.0,
          -1336583.863989,
          5329871.942558,
          3227450.803132,
          1
        ]
      },
      {
        "boundingVolume": {
          "region": [
            1.816437,
            0.534318,
            1.816442,
            0.534322,
            0.0,
            5.0
          ]
        },
        "content": {
          "uri": "./tile/5/11/15.b3dm"
        },
        "geometricError": 2000.0,
        "refine": "REPLACE",
        "transform": [
          -0.969981,
          -0.24318,
          0.0,
          0.0,
          0.123225,
          -0.491513,
          0.862108,
          0.0,
          -0.209285,
          0.83478,
          0.509256,
          0.0,
          -1336005.587733,
          5328971.693645,
          3229164.785396,
          1
        ]
      },
      {
        "boundingVolume": {
          "region": [
            1.81643,
            0.534402,
            1.81644,
            0.534419,
            0.0,
            9.0
          ]
        },
        "content": {
          "uri": "./tile/5/11/16.b3dm"
        },
        "geometricError": 2000.0,
        "refine": "REPLACE",
        "transform": [
          -0.969982,
          -0.243176,
          0.0,
          0.0,
          0.123242,
          -0.491589,
          0.862062,
          0.0,
          -0.20927,
          0.834737,
          0.509334,
          0.0,
          -1335910.718553,
          5328693.965403,
          3229658.978385,
          1
        ]
      },
      {
        "boundingVolume": {
          "region": [
            1.816424,
            0.534508,
            1.816519,
            0.534575,
            0.0,
            48.0
          ]
        },
        "content": {
          "uri": "./tile/5/11/17.b3dm"
        },
        "geometricError": 2000.0,
        "refine": "REPLACE",
        "transform": [
          -0.969973,
          -0.243212,
          0.0,
          0.0,
          0.123288,
          -0.491694,
          0.861996,
          0.0,
          -0.209284,
          0.834664,
          0.509447,
          0.0,
          -1336003.615445,
          5328232.373153,
          3230377.189999,
          1
        ]
      },
      {
        "boundingVolume": {
          "region": [
            1.816432,
            0.534571,
            1.816607,
            0.534709,
            0.0,
            15.0
          ]
        },
        "content": {
          "uri": "./tile/5/11/18.b3dm"
        },
        "geometricError": 2000.0,
        "refine": "REPLACE",
        "transform": [
          -0.969962,
          -0.243258,
          0.0,
          0.0,
          0.123332,
          -0.49177,
          0.861946,
          0.0,
          -0.209312,
          0.834606,
          0.509531,
          0.0,
          -1336181.578663,
          5327860.206133,
          3230913.759272,
          1
        ]
      },
      {
        "boundingVolume": {
          "region": [
            1.816427,
            0.534693,
            1.816577,
            0.534766,
            0.0,
            21.0
          ]
        },
        "content": {
          "uri": "./tile/5/11/19.b3dm"
        },
        "geometricError": 2000.0,
        "refine": "REPLACE",
        "transform": [
          -0.969966,
          -0.243241,
          0.0,
          0.0,
          0.123342,
          -0.491847,
          0.861901,
          0.0,
          -0.209286,
          0.834565,
          0.509608,
          0.0,
          -1336018.734164,
          5327602.48199,
          3231402.752054,
          1
        ]
      },
      {
        "boundingVolume": {
          "region": [
            1.816446,
            0.532713,
            1.816465,
            0.532725,
            0.0,
            3.0
          ]
        },
        "content": {
          "uri": "./tile/5/11/2.b3dm"
        },
        "geometricError": 2000.0,
        "refine": "REPLACE",
        "transform": [
          -0.969977,
          -0.243196,
          0.0,
          0.0,
          0.122899,
          -0.490176,
          0.862915,
          0.0,
          -0.209496,
          0.835567,
          0.507878,
          0.0,
          -1337349.017329,
          5333965.67841,
          3220410.489794,
          1
        ]
      },
      {
        "boundingVolume": {
          "region": [
            1.816429,
            0.53486,
            1.816564,
            0.534927,
            0.0,
            9.0
          ]
        },
        "content": {
          "uri": "./tile/5/11/20.b3dm"
        },
        "geometricError": 2000.0,
        "refine": "REPLACE",
        "transform": [
          -0.969967,
          -0.243236,
          0.0,
          0.0,
          0.123373,
          -0.491984,
          0.861818,
          0.0,
          -0.209261,
          0.834485,
          0.509749,
          0.0,
          -1335859.42358,
          5327096.045152,
          3232297.381792,
          1
        ]
      },
      {
        "boundingVolume": {
          "region": [
            1.81641,
            0.534941,
            1.816589,
            0.535094,
            0.0,
            248.0
          ]
        },
        "content": {
          "uri": "./tile/5/11/21.b3dm"
        },
        "geometricError": 2000.0,
        "refine": "REPLACE",
        "transform": [
          -0.969967,
          -0.243238,
          0.0,
          0.0,
          0.123401,
          -0.492087,
          0.861756,
          0.0,
          -0.209248,
          0.834423,
          0.509856,
          0.0,
          -1335775.980487,
          5326702.235437,
          3232976.226949,
          1
        ]
      },
      {
        "boundingVolume": {
          "region": [
            1.816424,
            0.53506,
            1.816577,
            0.535202,
            0.0,
            248.0
          ]
        },
        "content": {
          "uri": "./tile/5/11/22.b3dm"
        },
        "geometricError": 2000.0,
        "refine": "REPLACE",
        "transform": [
          -0.969966,
          -0.24324,
          0.0,
          0.0,
